0 0.167000 0.068000 0.314000 0.134000
1 0.508000 0.067500 0.306000 0.135000
2 0.842500 0.067000 0.307000 0.134000
3 0.162000 0.207000 0.308000 0.130000
4 0.507000 0.208000 0.304000 0.132000
5 0.845000 0.207500 0.306000 0.127000
6 0.161500 0.352000 0.307000 0.136000
7 0.506500 0.352000 0.305000 0.136000
10 0.507000 0.496000 0.304000 0.134000
12 0.159500 0.645000 0.319000 0.136000
13 0.507500 0.644500 0.307000 0.135000
15 0.163500 0.790500 0.311000 0.133000
16 0.509000 0.789500 0.310000 0.131000
18 0.165500 0.933500 0.311000 0.131000
19 0.511000 0.933000 0.308000 0.132000
